9.15024
8.71021
9.02545
7.91444
13.9043
6.85938
6.82428
6.75857
10.208
10.7409
11.5688
8.96374
8.10565
6.70489
9.1267
6.45147
12.0285
9.52395
25.0128
21.8862
7.30006
12.4804
5.81628
7.38587
10.3185
12.7128
9.97051
14.6695
10.2978
8.16828
11.1132
9.70883
9.59168
8.75316
14.5204
13.8982
8.87474
7.09228
5.67009
6.92562
9.44849
10.4555
12.0654
8.96374
8.96256
9.36847
6.38584
8.05116
8.68135
7.11802
5.06886
6.31527
12.3572
9.61869
8.79161
7.40972
7.69667
5.83601
8.80598
6.64425
7.23447
15.1765
6.61051
13.6657
6.7038
7.22959
6.59978
6.61496
9.36143
5.39624
5.85174
8.30771
8.35272
22.5704
6.38346
16.0915
9.73106
10.5059
6.89901
6.73671
11.7848
10.2612
11.835
7.88446
7.16418
7.62558
13.4364
10.03
7.44919
10.1429
9.25479
16.5647
9.06023
12.8201
6.80551
