1.000000000000000082e-05
1.123324032978026594e-05
1.261856883066021093e-05
1.417474162926804794e-05
1.592282793341093786e-05
1.788649529057434958e-05
2.009233002565045763e-05
2.257019719633921627e-05
2.535364493970111404e-05
2.848035868435799058e-05
3.199267137797384664e-05
3.593813663804625562e-05
4.037017258596558043e-05
4.534878508128582260e-05
5.094138014816375375e-05
5.722367659350220323e-05
6.428073117284319269e-05
7.220809018385456260e-05
8.111308307896872023e-05
9.111627561154886899e-05
1.023531021899026859e-04
1.149756995397735633e-04
1.291549665014884106e-04
1.450828778495940057e-04
1.629750834620643444e-04
1.830738280295367965e-04
2.056512308348651386e-04
2.310129700083158070e-04
2.595024211399737479e-04
2.915053062825175858e-04
3.274549162877728420e-04
3.678379771828634167e-04
4.132012400115334647e-04
4.641588833612782196e-04
5.214008287999684224e-04
5.857020818056667437e-04
6.579332246575682417e-04
7.390722033525775215e-04
8.302175681319743641e-04
9.326033468832199040e-04
1.047615752789665027e-03
1.176811952434997886e-03
1.321941148466028622e-03
1.484968262254465028e-03
1.668100537200059227e-03
1.873817422860383055e-03
2.104904144512019862e-03
2.364489412645406994e-03
2.656087782946686768e-03
2.983647240283340395e-03
3.351602650938840990e-03
3.764935806792467539e-03
4.229242874389498551e-03
4.750810162102798474e-03
5.336699231206307008e-03
5.994842503189408769e-03
6.734150657750821202e-03
7.564633275546290940e-03
8.497534359086438699e-03
9.545484566618337233e-03
1.072267222010323158e-02
1.204503540258782326e-02
1.353047774579806128e-02
1.519911082952933069e-02
1.707352647470690432e-02
1.917910261672488639e-02
2.154434690031884619e-02
2.420128264794381076e-02
2.718588242732940252e-02
3.053855508833415444e-02
3.430469286314918875e-02
3.853528593710527084e-02
4.328761281083057244e-02
4.862601580065353118e-02
5.462277217684342878e-02
6.135907273413169355e-02
6.892612104349694901e-02
7.742636826811269413e-02
8.697490026177834288e-02
9.770099572992246850e-02
1.097498765493056805e-01
1.232846739442065853e-01
1.384886371393871662e-01
1.555676143930472266e-01
1.747528400007682947e-01
1.963040650040272506e-01
2.205130739903045645e-01
2.477076355991708889e-01
2.782559402207125943e-01
3.125715849688235348e-01
3.511191734215127203e-01
3.944206059437656009e-01
4.430621457583877598e-01
4.977023564332113681e-01
5.590810182512222504e-01
6.280291441834247035e-01
7.054802310718645275e-01
7.924828983539169425e-01
8.902150854450392448e-01
1.000000000000000000e+00
