50.0111
50.0551
50.2392
50.5565
50.7181
50.8242
50.9305
51.0922
51.359
51.3872
51.3927
51.5879
51.9974
52.0483
52.1377
52.2464
52.3607
52.4379
52.8848
52.9537
53.2038
53.6822
53.7154
53.7785
53.7848
53.9482
54.0797
54.148
54.2385
54.2544
54.3906
54.5289
54.564
54.9164
54.9418
55.0111
55.1401
55.283
55.3614
55.5037
55.5694
55.7067
55.8816
56.1312
56.202
56.3546
56.3682
56.3734
56.4145
56.5794
56.6378
56.6665
56.6857
56.8266
56.8776
57.3928
57.425
57.5437
57.658
58.0294
58.06
58.6864
58.8213
58.8535
58.9637
59.0117
59.0569
59.2834
59.5054
59.7682
59.9894
60.1784
60.2505
60.2895
60.8711
60.89
61.0739
61.1187
61.2916
61.3416
61.6989
61.7112
61.7369
62.0673
62.0701
62.1581
62.4747
62.5296
62.5687
62.6317
63.8672
63.9277
64.1184
64.6715
64.814
65.035
65.1661
65.1926
65.2655
65.2782
65.3029
65.3108
65.3475
65.5982
65.7251
65.7642
65.9743
66.0024
66.0952
66.4355
66.4525
66.8108
66.8336
66.8375
66.9127
67.0712
67.0841
67.1882
67.2387
67.2428
67.3342
67.4695
67.6319
67.703
67.7524
68.3128
68.532
68.7742
68.9551
69.1248
69.4429
69.4644
69.6674
69.7364
69.7395
69.7531
69.8459
69.9722
70.126
70.1401
70.7655
70.9619
71.0659
71.1365
71.5965
71.6088
71.636
71.8175
71.8762
71.9876
72.11
72.2058
72.5525
72.7229
72.8071
72.8547
72.9645
73.1638
73.2261
73.9204
74.039
74.3109
74.4773
74.7208
74.8318
74.9487
74.9813
75.0112
75.1154
75.2213
75.3389
75.4517
75.6758
75.9045
75.979
76.2913
76.4156
76.4499
76.7301
77.0991
77.1901
77.2434
77.5257
77.6306
77.7675
77.7969
77.9195
78.1041
78.3098
78.7586
78.9854
79.0002
79.0435
79.0986
79.1291
79.4001
79.4676
79.5278
79.6279
79.6974
79.8338
80.0285
80.1508
80.19
80.295
80.5094
80.6216
80.9677
81.1269
81.4404
81.4791
81.9024
82.5913
82.5918
82.6328
82.8919
82.9791
83.2235
83.2736
83.7166
83.7502
83.9294
84.0527
84.1611
84.3361
84.56
84.5892
84.6161
84.6882
85.3956
85.5784
85.6285
85.6959
85.8108
86.0438
86.6236
86.8986
87.2415
87.2638
87.5781
87.9281
88.136
88.1432
88.2596
88.2897
88.5463
88.6733
88.7054
88.7089
88.94
89.9556
90.0464
90.1983
90.2164
90.3124
90.5716
90.6959
90.7325
90.7327
91.0023
91.0599
91.1444
91.4372
91.5192
91.6903
91.6985
91.7075
92.2181
92.717
92.7328
92.7762
92.9494
92.973
93.0729
93.1363
93.336
93.7083
93.8266
93.8856
94.0425
94.1271
94.1399
94.1975
94.2961
94.3838
94.4192
94.6584
94.6955
94.7369
94.8125
95.0977
95.2552
95.4357
95.4938
95.5323
95.7446
95.757
95.7783
95.7901
96.1298
96.1811
96.5293
96.6396
96.7174
96.9035
97.0386
97.0543
97.2099
97.3198
97.4812
97.589
97.6256
97.6448
97.7043
97.7568
97.7604
97.9711
97.9751
98.0489
98.1122
98.2133
98.2209
98.2546
98.4823
98.8782
98.8886
99.0413
99.3431
99.4941
99.5894
99.6903
99.8373
100.777
100.864
100.948
101.015
101.091
101.316
101.334
101.602
101.728
101.991
102.119
102.3
102.363
102.53
102.541
102.961
103.073
103.086
103.307
103.383
103.389
103.401
103.698
103.866
103.918
104.404
104.831
104.851
104.9
105.29
105.693
105.958
106.109
106.162
106.332
106.338
106.59
106.74
106.95
107.248
107.415
107.46
107.641
107.874
108.135
108.25
108.803
108.914
108.968
109.044
109.312
109.428
109.433
109.492
109.552
110.067
110.07
110.132
110.208
110.716
111.302
111.316
111.353
111.479
111.744
111.963
111.97
112.065
112.067
112.166
112.166
112.168
112.197
112.269
112.393
112.54
112.554
112.6
113.035
113.137
113.191
113.529
113.908
113.989
114.004
114.023
114.23
114.257
114.321
114.5
114.527
114.689
114.776
114.972
115.046
115.243
115.271
115.296
115.303
115.497
115.944
115.962
116.163
116.19
116.285
116.431
116.672
116.694
116.895
117.019
117.22
117.29
117.549
117.57
117.771
117.898
118.125
118.188
118.433
118.545
118.608
118.615
118.703
118.808
119.099
119.12
119.158
119.278
119.312
119.315
119.348
119.457
119.584
119.649
119.839
119.903
120.012
120.049
120.18
120.322
120.359
120.408
120.426
120.548
120.613
120.852
120.909
120.999
121
121.008
121.113
121.128
121.231
121.413
121.492
121.503
121.52
121.58
121.636
121.694
121.844
122.016
122.071
122.092
122.111
122.156
122.233
122.252
122.311
122.519
122.525
122.642
122.896
122.991
123.072
123.079
123.088
123.165
123.18
123.239
123.266
123.34
123.453
123.519
123.557
123.582
123.645
123.768
123.795
123.954
124.011
124.037
124.08
124.082
124.092
124.206
124.585
124.728
124.765
124.771
124.936
125.124
125.235
125.249
125.266
125.267
125.316
125.359
125.376
125.414
125.449
125.451
125.472
125.52
125.542
125.574
125.667
125.886
125.964
125.977
125.98
125.988
126.035
126.111
126.208
126.25
126.308
126.437
126.494
126.769
126.802
126.852
126.861
126.962
127.016
127.041
127.069
127.122
127.134
127.172
127.176
127.215
127.315
127.419
127.464
127.525
127.606
127.61
127.617
127.765
127.839
127.998
128.023
128.056
128.161
128.256
128.424
128.458
128.473
128.571
128.988
129.097
129.157
129.189
129.212
129.247
129.291
129.311
129.53
129.569
129.591
129.724
129.735
129.814
129.848
129.85
130.097
130.154
130.24
130.382
130.447
130.55
130.571
130.576
130.58
130.692
130.755
130.832
130.93
130.986
130.987
131.007
131.033
131.312
131.328
131.457
131.503
131.503
131.588
131.697
131.72
131.844
132.03
132.043
132.224
132.238
132.327
132.413
132.454
132.621
132.649
132.821
132.903
133.065
133.279
133.349
133.391
133.42
133.698
133.701
133.743
133.762
133.887
134.062
134.168
134.21
134.31
134.318
134.362
134.417
134.877
135
135.224
135.379
135.481
135.733
135.868
136.249
136.345
136.363
136.422
136.593
136.624
136.639
136.791
137.036
137.283
137.471
137.699
137.758
137.942
138.008
138.224
138.299
138.457
138.542
138.639
139.338
139.428
139.937
140.028
140.184
140.192
140.292
140.567
140.756
140.939
141.077
141.132
141.161
141.226
141.364
141.453
141.573
141.827
142.152
142.155
142.214
142.215
142.291
142.34
142.427
142.493
142.555
142.625
143.019
143.171
143.282
143.445
143.58
144.163
144.247
144.419
144.786
144.927
145.428
145.695
145.754
146.085
146.421
146.58
146.633
146.645
146.66
146.662
146.771
146.832
147.448
147.53
147.637
148.526
148.557
148.679
148.996
149.051
149.08
149.237
149.265
149.428
149.777
149.881
149.893
149.894
150.075
150.082
150.145
150.197
150.317
150.729
150.753
150.894
150.952
151.048
151.269
151.626
151.684
152.056
152.54
152.597
152.675
152.82
152.957
153.004
153.018
153.297
153.303
153.883
154.059
154.113
154.302
154.433
154.659
154.717
155.079
155.095
155.189
155.268
155.276
155.297
155.478
155.511
155.66
155.697
155.7
155.71
155.796
156.197
156.211
156.254
156.332
156.358
156.385
156.509
156.781
156.934
156.987
157.006
157.058
157.145
157.634
157.728
157.832
158.048
158.157
158.18
158.304
158.359
158.375
158.543
158.611
158.936
159.271
159.342
159.442
159.79
159.821
160.723
160.945
160.991
160.992
161.037
161.052
161.24
161.435
161.591
161.85
162.025
162.203
162.291
162.308
162.365
162.58
163.218
163.443
163.54
163.674
163.918
164.119
164.289
164.471
164.76
164.989
165
165.082
165.12
165.229
165.338
165.35
165.357
165.373
165.387
165.468
165.481
165.519
165.582
165.662
165.74
165.79
166.212
166.232
166.512
166.706
166.867
166.873
167.133
167.179
167.609
167.928
168.177
168.27
168.355
168.356
168.48
168.692
168.718
168.875
168.992
169.035
169.318
169.629
169.712
169.843
169.974
169.98
170.12
170.191
170.272
170.294
170.31
170.446
170.723
170.732
170.74
170.769
170.919
171.207
171.545
171.647
171.728
172.509
172.524
172.618
172.712
172.715
172.763
172.953
173.069
173.152
173.196
173.286
173.521
173.599
173.64
173.852
173.861
174.097
174.272
174.529
174.571
174.655
175.126
175.188
175.347
175.482
175.549
175.599
176.003
176.096
176.125
176.272
176.438
176.44
176.446
176.649
176.671
176.762
176.773
176.805
177.096
177.161
177.325
177.354
177.453
177.594
177.68
177.903
177.91
178.485
178.93
179.273
179.384
179.4
179.782
179.92
180.067
180.515
180.527
180.998
181.142
181.226
181.28
181.318
181.354
181.523
182.15
182.16
182.178
182.235
182.462
182.649
182.654
182.693
182.715
182.828
183.07
183.092
183.175
183.517
183.557
183.615
184.687
184.713
184.796
184.824
184.948
185.055
185.062
185.101
185.32
185.608
185.747
185.974
186.185
186.237
186.241
186.364
186.559
186.823
186.993
187.009
187.311
187.348
187.408
187.463
187.681
187.876
187.961
188.287
188.437
188.474
188.904
188.94
189.053
189.163
189.36
189.443
189.519
190.018
190.274
190.568
190.649
190.68
191.143
191.216
191.261
191.417
191.459
191.574
191.605
191.63
191.661
191.815
191.984
192.021
192.245
192.392
192.712
192.832
193.26
193.387
193.394
193.482
193.531
193.623
193.71
193.742
193.78
193.954
194.078
194.115
194.122
194.241
194.303
194.52
194.63
194.631
194.739
194.86
194.986
195.043
195.051
195.057
195.11
195.231
195.232
195.556
196.046
196.084
196.208
196.216
196.829
196.852
196.891
196.899
197.07
197.28
197.367
197.386
197.439
197.449
197.48
197.491
197.515
197.533
197.807
198.115
198.363
198.363
198.429
198.555
198.598
199.135
199.235
199.411
199.703
199.73
199.753
199.779
