69.0522
64.3565
78.1105
76.1072
55.8473
56.681
72.5223
67.2218
39.3258
84.9939
57.1225
67.4626
74.5174
69.024
71.6595
82.0555
68.5219
72.4212
65.8127
65.5899
74.4865
79.0294
82.559
79.8399
61.1774
72.4055
85.0275
77.1479
73.949
64.1326
65.7941
62.5999
75.4364
72.76
61.5144
66.5621
80.9679
56.3563
85.3333
84.1363
69.4397
72.0159
74.1061
82.671
70.6921
76.2265
77.5012
55.8868
62.2183
66.3983
67.7346
87.2114
70.5022
67.594
63.541
71.3427
58.5316
89.6671
69.4826
73.6373
64.9976
70.2946
66.4039
87.1239
58.0013
53.0568
65.1939
80.1405
80.1444
76.3082
77.1442
83.2759
67.4388
86.8378
64.4527
65.1862
62.932
82.9382
84.1259
78.9197
55.5129
74.2232
72.7379
84.1941
93.269
68.4532
89.9833
73.3478
77.2865
76.9887
79.8418
74.3968
66.951
72.744
70.0276
53.8033
52.5028
69.1143
82.1104
69.5943
74.2755
65.7504
77.3002
70.3619
78.2694
61.8754
88.8993
65.463
57.649
79.2068
71.2007
72.4108
45.6975
90.3379
76.5502
61.7852
75.169
81.3918
76.1793
67.5438
69.1134
86.7927
68.3149
73.971
76.6694
71.6343
87.2375
53.9363
68.4239
82.7202
48.3239
86.4159
80.4463
59.9454
90.8017
91.0541
68.8265
69.0603
65.9345
68.7683
81.6302
65.1962
63.8827
87.4942
73.9533
87.1191
71.3648
62.5572
73.6186
72.722
76.7822
56.9977
66.888
80.9972
69.6159
65.0562
91.1826
66.1182
76.6966
61.8521
61.0146
77.373
53.4395
72.7725
61.1503
48.9145
96.9777
69.8276
64.3207
72.3702
55.5681
85.5408
84.4652
72.2951
62.1618
82.3586
48.1172
71.2897
72.6283
80.3831
66.7063
97.2901
62.4742
76.3199
73.7605
65.947
85.4318
65.2876
67.3786
77.7469
85.0877
84.8141
66.7515
79.4071
72.4004
65.588
65.6091
72.8839
81.9167
67.6619
75.9006
56.7401
66.6557
83.6973
78.3446
85.9211
56.3883
60.3394
86.2061
65.7804
86.3693
56.3445
56.7593
82.5365
67.7247
81.6618
86.6656
71.8983
77.2948
75.6086
81.8423
77.589
77.9152
72.2031
72.8914
66.6997
76.6092
72.2048
65.9258
71.4609
64.9681
77.6192
67.3778
60.9787
73.7288
78.1723
79.4078
69.0367
56.1675
79.9518
76.5122
73.2086
72.9687
70.2293
74.1302
80.0522
61.7412
90.3264
76.3429
61.2132
82.5375
89.4681
86.9014
81.1804
86.5138
71.8207
85.911
68.5222
76.9545
67.505
77.689
85.7526
65.1032
78.1913
83.7721
79.3763
59.4472
70.9661
93.8946
85.4953
70.4191
81.4956
75.7019
85.0771
64.4616
49.3967
71.2175
75.3678
72.4923
81.0864
67.5524
62.9896
64.1102
44.5939
76.3244
90.4436
84.8192
78.1894
54.8116
66.0245
65.9816
84.6604
66.0413
74.3894
54.3922
63.5552
63.7447
74.8874
64.7601
74.1038
71.4081
58.5842
70.7767
71.5827
71.3717
48.8287
67.876
79.3453
77.7189
56.2543
64.8309
61.2592
78.8146
69.1739
70.4721
63.6093
81.2356
75.5621
66.4273
67.5981
78.3131
66.2017
64.508
76.0732
85.8725
73.7935
54.0919
82.1246
67.2961
71.0346
67.207
74.083
69.0919
72.3723
60.8024
81.0747
97.4969
59.3733
64.7421
66.4051
78.6376
74.2094
