3.528104691935327608e-01
8.003144167344466986e-02
1.957475968211479511e-01
4.481786398402916038e-01
3.735115980299934524e-01
-1.954555759752821809e-01
1.900176835051179403e-01
-3.027144165953954413e-02
-2.064377035871156618e-02
8.211970038767457680e-02
2.880871423217556959e-02
2.908547013925950608e-01
1.522075450293987053e-01
2.433500329856563837e-02
8.877264654908523234e-02
6.673486547485341092e-02
2.988158146315211816e-01
-4.103165275316023042e-02
6.261354033018018406e-02
-1.708191478603449109e-01
-5.105979631668157159e-01
1.307237190880721212e-01
1.728872397719012355e-01
-1.484330040812884555e-01
4.539509247975215267e-01
-2.908731349197529736e-01
9.151703460289262182e-03
-3.743677000516676401e-02
3.065558428716914641e-01
2.938717539800570488e-01
3.098948513938326599e-02
7.563250392043463499e-02
-1.775571495260225285e-01
-3.961592936447854152e-01
-6.958242986523055507e-02
3.126979382079597691e-02
2.460581361455442817e-01
2.404759697568823462e-01
-7.746536348159049901e-02
-6.046055011506712429e-02
-2.097105930134185447e-01
-2.840035874357951240e-01
-3.412540381250025456e-01
3.901550790463579332e-01
-1.019304363503307220e-01
-8.761486032223730902e-02
-2.505590720099852842e-01
1.554980711663820347e-01
-3.227795695115902586e-01
-4.254805604279376929e-02
-1.790933122387351473e-01
7.738049957185233474e-02
-1.021610275137746493e-01
-2.361264368244824219e-01
-5.636445667731027065e-03
8.566637410608346492e-02
1.330344447663356355e-02
6.049437954795622296e-02
-1.268644187361926967e-01
-7.254823319742764731e-02
-1.344920895551902085e-01
-7.191063230810823548e-02
-1.626292564088908099e-01
-3.452565204663353704e-01
3.548522845075052778e-02
-8.035618724165238813e-02
-3.260396693932089418e-01
9.255645110515486884e-02
-1.814596728766484368e-01
1.038907915922782088e-02
1.458181124355073521e-01
2.579658215148206146e-02
2.278801369086602691e-01
-2.469651640707305473e-01
8.046832823550986724e-02
-1.369620181880626397e-01
-1.741594298363763338e-01
-1.157699329528830701e-01
-6.231050642547453222e-02
1.123306844594917919e-02
-2.330299681566713188e-01
1.801652973908374200e-01
9.313248794609196857e-02
-3.072487372554447704e-01
2.976504387591198952e-01
3.791778352061165869e-01
2.357559142319300971e-01
-3.598496716247012728e-02
-2.141505243021084581e-01
2.108903453862274180e-01
-8.063538939463588129e-02
2.444890140764854891e-01
4.165499561537200357e-02
1.953278072967425949e-01
7.127327943488026563e-02
1.413146336383896973e-01
2.100004144164113740e-03
3.571740987811671264e-01
2.538241854072387227e-02
8.039787268894027505e-02
3.766301394112510081e-01
-2.695518122284892293e-01
-2.540969996971467193e-01
1.938793416316022533e-01
-2.346246810228319601e-01
3.887242371298584853e-01
-8.272379615194946911e-02
-1.494909622881515077e-01
3.845884052960770738e-01
2.961029582868848209e-01
3.735117920853139317e-01
1.812089316550771212e-01
-1.722451370109405744e-01
3.820129906198066472e-01
-5.360067419027603197e-02
1.604912791592789656e-01
1.894503935547495743e-01
-3.100201861816687110e-02
1.228158740692160134e-01
1.844413343133053385e-01
7.528510623112594224e-02
-2.198801581168389196e-01
5.964763484121116122e-02
2.652771793374060216e-01
-1.389135719462730734e-01
-2.992690806553410798e-02
-8.703071034432752207e-02
3.698527456958684567e-01
1.344589514024869814e-01
8.149236724822217504e-02
-1.539832148890633023e-01
1.078498382583634729e-01
-1.348665321314752585e-01
6.366111654870332259e-03
-1.271692156757762149e-01
1.352866589893000349e-01
1.153181633229882763e-01
-4.165975111559894195e-02
7.920134253232902211e-02
-2.186123017461011342e-01
-2.982515185411211966e-01
8.787834025290730544e-02
3.333469907450581360e-02
1.270062873784212343e-01
4.766289549727884545e-01
1.888958973980827682e-01
-1.825644450888317394e-01
2.234032576191706809e-01
-2.631814821023041873e-01
-9.231692096294175087e-02
-1.364832106492619435e-02
3.426685443298733702e-01
-1.489509644096880248e-01
-1.652877077318029020e-01
-1.969050488508650165e-02
-1.326956572724214967e-01
2.253271844213013964e-01
-2.159863016726846219e-01
-2.294937304822204371e-01
-8.756400894888682895e-02
-9.960649013846101241e-02
3.859064107633971563e-01
1.898841613851520727e-01
1.751024827703817621e-02
-2.450871037660335983e-01
1.688725952803094010e-01
-2.000430694779129492e-01
-3.089542193555223637e-01
2.376059584704603989e-01
6.338852238496994751e-02
1.841717647561638138e-01
6.374553058860432664e-02
1.713661223805382772e-01
-1.302051186600293731e-01
-2.068485683568929145e-01
1.363189036563254852e-01
-1.606819328347681708e-01
-1.379099555500401530e-01
-9.110650070346859586e-02
3.495831805011340165e-03
-7.079878225069680120e-02
-2.749902586836037166e-01
-1.287236805665781247e-01
-4.446806304448853719e-01
1.250462902054374492e-01
-3.204115311213495687e-01
-2.208766678856901589e-01
1.043301585219480465e-02
-1.479125992782626131e-01
3.086029190813470713e-01
-2.585713819446897599e-01
5.341017386983648585e-02
-7.856563645499137216e-03
-2.336186995482394391e-01
1.046553321063508069e-01
-3.430926624444963213e-02
1.543581102427333818e-01
1.647008307927462223e-01
4.326471898561379259e-01
2.673055898872784830e-01
-7.383636758848877157e-02
-4.787583551518526104e-02
2.199319191774227189e-01
1.310527461445194497e-01
1.280263052195182993e-01
-3.233912088621668790e-01
-4.865224879787133361e-03
-1.476061818411377180e-01
5.598491980864772621e-02
-1.963007792859161604e-02
1.820357816185182998e-01
6.344364303826033336e-02
1.572655924217951640e-01
-9.328381934718865676e-02
-1.888892511836500754e-01
-8.200993864050976079e-02
-3.404082772288097303e-03
7.583034711101643843e-02
4.518617901381705160e-01
-8.451430332128584411e-03
-1.911890000985554394e-01
-6.919635513987731912e-02
-9.271919492921887329e-02
9.629629475469236866e-02
-3.081594028889249604e-01
1.265239884006641446e-02
3.130130759307503396e-02
4.643620724005526057e-02
-1.194632137930725646e-01
-4.758434594720140076e-02
-2.848121817965063585e-01
-9.866397667243886893e-02
-1.085722952033435496e-01
8.321000925228516643e-02
-2.312364863643825430e-01
1.562396203419986751e-01
2.988969088982738054e-01
-4.139970050027065307e-01
8.525174615562014502e-02
1.353816070060491761e-01
-1.274874051104457617e-01
-7.945436286575957574e-02
-2.657611551739114120e-02
-5.955817588034562071e-02
-6.180259380942443315e-02
-3.352007612659952951e-01
2.304663129566240087e-01
2.159237184073643512e-01
-1.626728518408405710e-01
-2.932848655605028165e-01
1.042129752905516238e-01
-1.151575939626132694e-01
2.839063266415586817e-02
-6.386568342901899342e-02
1.383077502140372950e-01
1.389498287312012081e-01
-1.451194756927168816e-01
-2.766727910790111045e-01
-3.165876794670163807e-01
1.220758758214410822e-01
-2.377718515568058022e-01
-1.013632708597375087e-01
-1.192628076901016687e-01
-1.051345925390922975e-02
-3.872559611693013881e-01
3.775571935876564922e-02
1.047782047668410765e-01
1.768441740893234027e-02
-6.217723433969435387e-02
1.948003325375657901e-02
7.980926912802610573e-02
-5.545185512853300080e-01
3.911824616501389240e-01
7.801866453758532494e-02
-1.304817164774040306e-01
-7.819067503752019643e-02
9.874835546983762313e-02
-2.322078780687331090e-02
-4.061368935562988947e-01
4.128985722718638840e-01
-2.210813144649448336e-02
2.040345423431599858e-01
-1.384099695568782318e-01
3.072754108491595471e-01
5.726873777845598035e-02
1.217687668950901969e-01
-2.090506732293909709e-01
2.422290579365402596e-01
1.379636329069575673e-01
2.603692459129995918e-01
-1.256175119283158281e-01
-9.620542369215756562e-02
4.607833395367884055e-01
-2.120031645443094526e-01
-2.718994013566411461e-02
2.273782725205391042e-01
1.954499354297123404e-02
1.165907359506586083e-01
-7.988980585257499101e-02
7.401117756950381654e-02
-2.613053703470633593e-01
3.316261359236376549e-01
-2.363280902571396336e-02
-1.360356407993701389e-01
1.332766164063827752e-01
-9.214395747771064737e-02
-2.668516942805507774e-01
-2.693435011595111117e-01
1.387546305380265022e-01
-3.191468762925342428e-02
-2.674031193368786585e-02
2.155487611952526805e-01
-2.253651617513486860e-01
-1.461355505729650117e-01
-7.697596183625510236e-02
1.887031786341486495e-02
-8.434290258115817451e-03
-5.737743847798149055e-02
-1.232528041912950290e-02
-2.146105525823494009e-02
-1.439208777103585524e-01
-1.625985977108155289e-01
5.490327154478791272e-02
-1.781830165991056258e-01
-2.314710518381707383e-01
-6.245845022513862865e-02
-3.153340323276321300e-02
4.513446994596419515e-01
-1.409400551712467475e-01
1.886521449938989292e-01
1.494376668409262976e-01
-2.377889910407472440e-01
1.546505954805199590e-01
-2.367761280386635470e-01
-5.318344475993481701e-01
1.212639048718762158e-01
-3.511781166875438398e-01
9.018689236118304642e-02
-1.368021795474433366e-01
3.319101592379745114e-01
2.137018798632017713e-01
-9.067716077027754285e-02
